  (0, 1)	1
  (0, 2)	1
  (0, 3)	1
  (1, 0)	1
  (1, 4)	1
  (1, 386)	1
  (2, 0)	1
  (2, 3)	1
  (2, 4)	1
  (2, 5)	1
  (3, 0)	1
  (3, 2)	1
  (3, 5)	1
  (3, 7)	1
  (3, 9)	1
  (3, 11)	1
  (3, 13)	1
  (3, 15)	1
  (3, 17)	1
  (3, 19)	1
  (3, 21)	1
  (3, 23)	1
  (3, 25)	1
  (3, 27)	1
  (3, 29)	1
  :	:
  (17659, 17658)	1
  (17659, 17660)	1
  (17660, 385)	1
  (17660, 17468)	1
  (17660, 17659)	1
  (17660, 17661)	1
  (17661, 385)	1
  (17661, 17469)	1
  (17661, 17660)	1
  (17661, 17662)	1
  (17662, 385)	1
  (17662, 17470)	1
  (17662, 17661)	1
  (17662, 17663)	1
  (17663, 385)	1
  (17663, 17471)	1
  (17663, 17662)	1
  (17663, 17664)	1
  (17664, 385)	1
  (17664, 17472)	1
  (17664, 17663)	1
  (17664, 17665)	1
  (17665, 385)	1
  (17665, 17473)	1
  (17665, 17664)	1
  (0, 1)	1
  (0, 2)	1
  (0, 3)	1
  (1, 0)	1
  (1, 4)	1
  (1, 386)	1
  (2, 0)	1
  (2, 3)	1
  (2, 4)	1
  (2, 5)	1
  (3, 0)	1
  (3, 2)	1
  (3, 5)	1
  (3, 7)	1
  (3, 9)	1
  (3, 11)	1
  (3, 13)	1
  (3, 15)	1
  (3, 17)	1
  (3, 19)	1
  (3, 21)	1
  (3, 23)	1
  (3, 25)	1
  (3, 27)	1
  (3, 29)	1
  :	:
  (11515, 11514)	1
  (11515, 11516)	1
  (11516, 385)	1
  (11516, 11324)	1
  (11516, 11515)	1
  (11516, 11517)	1
  (11517, 385)	1
  (11517, 11325)	1
  (11517, 11516)	1
  (11517, 11518)	1
  (11518, 385)	1
  (11518, 11326)	1
  (11518, 11517)	1
  (11518, 11519)	1
  (11519, 385)	1
  (11519, 11327)	1
  (11519, 11518)	1
  (11519, 11520)	1
  (11520, 385)	1
  (11520, 11328)	1
  (11520, 11519)	1
  (11520, 11521)	1
  (11521, 385)	1
  (11521, 11329)	1
  (11521, 11520)	1
  (0, 1)	1
  (0, 2)	1
  (0, 3)	1
  (1, 0)	1
  (1, 4)	1
  (1, 386)	1
  (2, 0)	1
  (2, 3)	1
  (2, 4)	1
  (2, 5)	1
  (3, 0)	1
  (3, 2)	1
  (3, 5)	1
  (3, 7)	1
  (3, 9)	1
  (3, 11)	1
  (3, 13)	1
  (3, 15)	1
  (3, 17)	1
  (3, 19)	1
  (3, 21)	1
  (3, 23)	1
  (3, 25)	1
  (3, 27)	1
  (3, 29)	1
  :	:
  (9979, 9978)	1
  (9979, 9980)	1
  (9980, 385)	1
  (9980, 9788)	1
  (9980, 9979)	1
  (9980, 9981)	1
  (9981, 385)	1
  (9981, 9789)	1
  (9981, 9980)	1
  (9981, 9982)	1
  (9982, 385)	1
  (9982, 9790)	1
  (9982, 9981)	1
  (9982, 9983)	1
  (9983, 385)	1
  (9983, 9791)	1
  (9983, 9982)	1
  (9983, 9984)	1
  (9984, 385)	1
  (9984, 9792)	1
  (9984, 9983)	1
  (9984, 9985)	1
  (9985, 385)	1
  (9985, 9793)	1
  (9985, 9984)	1
  (0, 1)	1
  (0, 2)	1
  (0, 3)	1
  (1, 0)	1
  (1, 4)	1
  (1, 386)	1
  (2, 0)	1
  (2, 3)	1
  (2, 4)	1
  (2, 5)	1
  (3, 0)	1
  (3, 2)	1
  (3, 5)	1
  (3, 7)	1
  (3, 9)	1
  (3, 11)	1
  (3, 13)	1
  (3, 15)	1
  (3, 17)	1
  (3, 19)	1
  (3, 21)	1
  (3, 23)	1
  (3, 25)	1
  (3, 27)	1
  (3, 29)	1
  :	:
  (11131, 11130)	1
  (11131, 11132)	1
  (11132, 385)	1
  (11132, 10940)	1
  (11132, 11131)	1
  (11132, 11133)	1
  (11133, 385)	1
  (11133, 10941)	1
  (11133, 11132)	1
  (11133, 11134)	1
  (11134, 385)	1
  (11134, 10942)	1
  (11134, 11133)	1
  (11134, 11135)	1
  (11135, 385)	1
  (11135, 10943)	1
  (11135, 11134)	1
  (11135, 11136)	1
  (11136, 385)	1
  (11136, 10944)	1
  (11136, 11135)	1
  (11136, 11137)	1
  (11137, 385)	1
  (11137, 10945)	1
  (11137, 11136)	1
  (0, 1)	1
  (0, 2)	1
  (0, 3)	1
  (1, 0)	1
  (1, 4)	1
  (1, 386)	1
  (2, 0)	1
  (2, 3)	1
  (2, 4)	1
  (2, 5)	1
  (3, 0)	1
  (3, 2)	1
  (3, 5)	1
  (3, 7)	1
  (3, 9)	1
  (3, 11)	1
  (3, 13)	1
  (3, 15)	1
  (3, 17)	1
  (3, 19)	1
  (3, 21)	1
  (3, 23)	1
  (3, 25)	1
  (3, 27)	1
  (3, 29)	1
  :	:
  (14971, 14970)	1
  (14971, 14972)	1
  (14972, 385)	1
  (14972, 14780)	1
  (14972, 14971)	1
  (14972, 14973)	1
  (14973, 385)	1
  (14973, 14781)	1
  (14973, 14972)	1
  (14973, 14974)	1
  (14974, 385)	1
  (14974, 14782)	1
  (14974, 14973)	1
  (14974, 14975)	1
  (14975, 385)	1
  (14975, 14783)	1
  (14975, 14974)	1
  (14975, 14976)	1
  (14976, 385)	1
  (14976, 14784)	1
  (14976, 14975)	1
  (14976, 14977)	1
  (14977, 385)	1
  (14977, 14785)	1
  (14977, 14976)	1
  (0, 1)	1
  (0, 2)	1
  (0, 3)	1
  (1, 0)	1
  (1, 4)	1
  (1, 386)	1
  (2, 0)	1
  (2, 3)	1
  (2, 4)	1
  (2, 5)	1
  (3, 0)	1
  (3, 2)	1
  (3, 5)	1
  (3, 7)	1
  (3, 9)	1
  (3, 11)	1
  (3, 13)	1
  (3, 15)	1
  (3, 17)	1
  (3, 19)	1
  (3, 21)	1
  (3, 23)	1
  (3, 25)	1
  (3, 27)	1
  (3, 29)	1
  :	:
  (13051, 13050)	1
  (13051, 13052)	1
  (13052, 385)	1
  (13052, 12860)	1
  (13052, 13051)	1
  (13052, 13053)	1
  (13053, 385)	1
  (13053, 12861)	1
  (13053, 13052)	1
  (13053, 13054)	1
  (13054, 385)	1
  (13054, 12862)	1
  (13054, 13053)	1
  (13054, 13055)	1
  (13055, 385)	1
  (13055, 12863)	1
  (13055, 13054)	1
  (13055, 13056)	1
  (13056, 385)	1
  (13056, 12864)	1
  (13056, 13055)	1
  (13056, 13057)	1
  (13057, 385)	1
  (13057, 12865)	1
  (13057, 13056)	1
  (0, 1)	1
  (0, 2)	1
  (0, 3)	1
  (1, 0)	1
  (1, 3)	1
  (1, 4)	1
  (1, 130)	1
  (2, 0)	1
  (2, 4)	1
  (2, 5)	1
  (3, 0)	1
  (3, 1)	1
  (3, 130)	1
  (3, 194)	1
  (3, 258)	1
  (3, 322)	1
  (3, 386)	1
  (3, 450)	1
  (3, 514)	1
  (3, 578)	1
  (3, 642)	1
  (3, 706)	1
  (3, 770)	1
  (3, 834)	1
  (3, 898)	1
  :	:
  (9495, 9494)	1
  (9495, 9496)	1
  (9496, 3)	1
  (9496, 9432)	1
  (9496, 9495)	1
  (9496, 9497)	1
  (9497, 3)	1
  (9497, 9433)	1
  (9497, 9496)	1
  (9497, 9498)	1
  (9498, 3)	1
  (9498, 9434)	1
  (9498, 9497)	1
  (9498, 9499)	1
  (9499, 3)	1
  (9499, 9435)	1
  (9499, 9498)	1
  (9499, 9500)	1
  (9500, 3)	1
  (9500, 9436)	1
  (9500, 9499)	1
  (9500, 9501)	1
  (9501, 129)	1
  (9501, 9437)	1
  (9501, 9500)	1
  (0, 1)	1
  (0, 2)	1
  (0, 3)	1
  (1, 0)	1
  (1, 3)	1
  (1, 4)	1
  (1, 386)	1
  (2, 0)	1
  (2, 3)	1
  (2, 4)	1
  (2, 5)	1
  (3, 0)	1
  (3, 1)	1
  (3, 2)	1
  (3, 5)	1
  (3, 7)	1
  (3, 9)	1
  (3, 11)	1
  (3, 13)	1
  (3, 15)	1
  (3, 17)	1
  (3, 19)	1
  (3, 21)	1
  (3, 23)	1
  (3, 25)	1
  :	:
  (17801, 17800)	1
  (17801, 17802)	1
  (17802, 3)	1
  (17802, 17738)	1
  (17802, 17801)	1
  (17802, 17803)	1
  (17803, 3)	1
  (17803, 17739)	1
  (17803, 17802)	1
  (17803, 17804)	1
  (17804, 3)	1
  (17804, 17740)	1
  (17804, 17803)	1
  (17804, 17805)	1
  (17805, 3)	1
  (17805, 17741)	1
  (17805, 17804)	1
  (17805, 17806)	1
  (17806, 3)	1
  (17806, 17742)	1
  (17806, 17805)	1
  (17806, 17807)	1
  (17807, 385)	1
  (17807, 17743)	1
  (17807, 17806)	1
  (0, 1)	1
  (0, 2)	1
  (0, 3)	1
  (1, 0)	1
  (1, 3)	1
  (1, 4)	1
  (1, 386)	1
  (2, 0)	1
  (2, 3)	1
  (2, 4)	1
  (2, 5)	1
  (3, 0)	1
  (3, 1)	1
  (3, 2)	1
  (3, 5)	1
  (3, 7)	1
  (3, 9)	1
  (3, 11)	1
  (3, 13)	1
  (3, 15)	1
  (3, 17)	1
  (3, 19)	1
  (3, 21)	1
  (3, 23)	1
  (3, 25)	1
  :	:
  (17114, 17113)	1
  (17114, 17115)	1
  (17115, 3)	1
  (17115, 17051)	1
  (17115, 17114)	1
  (17115, 17116)	1
  (17116, 3)	1
  (17116, 17052)	1
  (17116, 17115)	1
  (17116, 17117)	1
  (17117, 3)	1
  (17117, 17053)	1
  (17117, 17116)	1
  (17117, 17118)	1
  (17118, 3)	1
  (17118, 17054)	1
  (17118, 17117)	1
  (17118, 17119)	1
  (17119, 3)	1
  (17119, 17055)	1
  (17119, 17118)	1
  (17119, 17120)	1
  (17120, 385)	1
  (17120, 17056)	1
  (17120, 17119)	1
  (0, 1)	1
  (0, 2)	1
  (0, 3)	1
  (1, 0)	1
  (1, 3)	1
  (1, 4)	1
  (1, 386)	1
  (2, 0)	1
  (2, 3)	1
  (2, 4)	1
  (2, 5)	1
  (3, 0)	1
  (3, 1)	1
  (3, 2)	1
  (3, 5)	1
  (3, 7)	1
  (3, 9)	1
  (3, 11)	1
  (3, 13)	1
  (3, 15)	1
  (3, 17)	1
  (3, 19)	1
  (3, 21)	1
  (3, 23)	1
  (3, 25)	1
  :	:
  (21284, 21283)	1
  (21284, 21285)	1
  (21285, 3)	1
  (21285, 21220)	1
  (21285, 21284)	1
  (21285, 21286)	1
  (21286, 3)	1
  (21286, 21221)	1
  (21286, 21285)	1
  (21286, 21287)	1
  (21287, 3)	1
  (21287, 21222)	1
  (21287, 21286)	1
  (21287, 21288)	1
  (21288, 3)	1
  (21288, 21223)	1
  (21288, 21287)	1
  (21288, 21289)	1
  (21289, 3)	1
  (21289, 21224)	1
  (21289, 21288)	1
  (21289, 21290)	1
  (21290, 385)	1
  (21290, 21225)	1
  (21290, 21289)	1
  (0, 1)	1
  (0, 2)	1
  (0, 3)	1
  (1, 0)	1
  (1, 3)	1
  (1, 4)	1
  (1, 386)	1
  (2, 0)	1
  (2, 3)	1
  (2, 4)	1
  (2, 5)	1
  (3, 0)	1
  (3, 1)	1
  (3, 2)	1
  (3, 5)	1
  (3, 7)	1
  (3, 9)	1
  (3, 11)	1
  (3, 13)	1
  (3, 15)	1
  (3, 17)	1
  (3, 19)	1
  (3, 21)	1
  (3, 23)	1
  (3, 25)	1
  :	:
  (17677, 17676)	1
  (17677, 17678)	1
  (17678, 3)	1
  (17678, 17613)	1
  (17678, 17677)	1
  (17678, 17679)	1
  (17679, 3)	1
  (17679, 17614)	1
  (17679, 17678)	1
  (17679, 17680)	1
  (17680, 3)	1
  (17680, 17615)	1
  (17680, 17679)	1
  (17680, 17681)	1
  (17681, 3)	1
  (17681, 17616)	1
  (17681, 17680)	1
  (17681, 17682)	1
  (17682, 3)	1
  (17682, 17617)	1
  (17682, 17681)	1
  (17682, 17683)	1
  (17683, 385)	1
  (17683, 17618)	1
  (17683, 17682)	1
  (0, 1)	1
  (0, 2)	1
  (0, 3)	1
  (1, 0)	1
  (1, 3)	1
  (1, 4)	1
  (1, 386)	1
  (2, 0)	1
  (2, 3)	1
  (2, 4)	1
  (2, 5)	1
  (3, 0)	1
  (3, 1)	1
  (3, 2)	1
  (3, 5)	1
  (3, 7)	1
  (3, 9)	1
  (3, 11)	1
  (3, 13)	1
  (3, 15)	1
  (3, 17)	1
  (3, 19)	1
  (3, 21)	1
  (3, 23)	1
  (3, 25)	1
  :	:
  (21169, 21168)	1
  (21169, 21170)	1
  (21170, 3)	1
  (21170, 21106)	1
  (21170, 21169)	1
  (21170, 21171)	1
  (21171, 3)	1
  (21171, 21107)	1
  (21171, 21170)	1
  (21171, 21172)	1
  (21172, 3)	1
  (21172, 21108)	1
  (21172, 21171)	1
  (21172, 21173)	1
  (21173, 3)	1
  (21173, 21109)	1
  (21173, 21172)	1
  (21173, 21174)	1
  (21174, 3)	1
  (21174, 21110)	1
  (21174, 21173)	1
  (21174, 21175)	1
  (21175, 385)	1
  (21175, 21111)	1
  (21175, 21174)	1
  (0, 1)	1
  (0, 2)	1
  (0, 3)	1
  (1, 0)	1
  (1, 3)	1
  (1, 4)	1
  (1, 386)	1
  (2, 0)	1
  (2, 3)	1
  (2, 4)	1
  (2, 5)	1
  (3, 0)	1
  (3, 1)	1
  (3, 2)	1
  (3, 5)	1
  (3, 7)	1
  (3, 9)	1
  (3, 11)	1
  (3, 13)	1
  (3, 15)	1
  (3, 17)	1
  (3, 19)	1
  (3, 21)	1
  (3, 23)	1
  (3, 25)	1
  :	:
  (21203, 21202)	1
  (21203, 21204)	1
  (21204, 3)	1
  (21204, 21140)	1
  (21204, 21203)	1
  (21204, 21205)	1
  (21205, 3)	1
  (21205, 21141)	1
  (21205, 21204)	1
  (21205, 21206)	1
  (21206, 3)	1
  (21206, 21142)	1
  (21206, 21205)	1
  (21206, 21207)	1
  (21207, 3)	1
  (21207, 21143)	1
  (21207, 21206)	1
  (21207, 21208)	1
  (21208, 3)	1
  (21208, 21144)	1
  (21208, 21207)	1
  (21208, 21209)	1
  (21209, 385)	1
  (21209, 21145)	1
  (21209, 21208)	1
  (0, 1)	1
  (0, 2)	1
  (0, 3)	1
  (1, 0)	1
  (1, 3)	1
  (1, 4)	1
  (1, 386)	1
  (2, 0)	1
  (2, 3)	1
  (2, 4)	1
  (2, 5)	1
  (3, 0)	1
  (3, 1)	1
  (3, 2)	1
  (3, 5)	1
  (3, 7)	1
  (3, 9)	1
  (3, 11)	1
  (3, 13)	1
  (3, 15)	1
  (3, 17)	1
  (3, 19)	1
  (3, 21)	1
  (3, 23)	1
  (3, 25)	1
  :	:
  (17173, 17172)	1
  (17173, 17174)	1
  (17174, 385)	1
  (17174, 17110)	1
  (17174, 17173)	1
  (17174, 17175)	1
  (17175, 385)	1
  (17175, 17111)	1
  (17175, 17174)	1
  (17175, 17176)	1
  (17176, 385)	1
  (17176, 17112)	1
  (17176, 17175)	1
  (17176, 17177)	1
  (17177, 385)	1
  (17177, 17113)	1
  (17177, 17176)	1
  (17177, 17178)	1
  (17178, 385)	1
  (17178, 17114)	1
  (17178, 17177)	1
  (17178, 17179)	1
  (17179, 385)	1
  (17179, 17115)	1
  (17179, 17178)	1
  (0, 1)	1
  (0, 2)	1
  (0, 3)	1
  (1, 0)	1
  (1, 3)	1
  (1, 4)	1
  (1, 130)	1
  (2, 0)	1
  (2, 4)	1
  (2, 5)	1
  (3, 0)	1
  (3, 1)	1
  (3, 130)	1
  (3, 194)	1
  (3, 258)	1
  (3, 322)	1
  (3, 386)	1
  (3, 450)	1
  (3, 514)	1
  (3, 578)	1
  (3, 642)	1
  (3, 706)	1
  (3, 770)	1
  (3, 834)	1
  (3, 898)	1
  :	:
  (9499, 9498)	1
  (9499, 9500)	1
  (9500, 3)	1
  (9500, 9436)	1
  (9500, 9499)	1
  (9500, 9501)	1
  (9501, 3)	1
  (9501, 9437)	1
  (9501, 9500)	1
  (9501, 9502)	1
  (9502, 3)	1
  (9502, 9438)	1
  (9502, 9501)	1
  (9502, 9503)	1
  (9503, 3)	1
  (9503, 9439)	1
  (9503, 9502)	1
  (9503, 9504)	1
  (9504, 3)	1
  (9504, 9440)	1
  (9504, 9503)	1
  (9504, 9505)	1
  (9505, 129)	1
  (9505, 9441)	1
  (9505, 9504)	1
  (0, 1)	1
  (0, 2)	1
  (0, 3)	1
  (1, 0)	1
  (1, 3)	1
  (1, 4)	1
  (1, 386)	1
  (2, 0)	1
  (2, 3)	1
  (2, 4)	1
  (2, 5)	1
  (3, 0)	1
  (3, 1)	1
  (3, 2)	1
  (3, 5)	1
  (3, 7)	1
  (3, 9)	1
  (3, 11)	1
  (3, 13)	1
  (3, 15)	1
  (3, 17)	1
  (3, 19)	1
  (3, 21)	1
  (3, 23)	1
  (3, 25)	1
  :	:
  (18465, 18464)	1
  (18465, 18466)	1
  (18466, 3)	1
  (18466, 18402)	1
  (18466, 18465)	1
  (18466, 18467)	1
  (18467, 3)	1
  (18467, 18403)	1
  (18467, 18466)	1
  (18467, 18468)	1
  (18468, 3)	1
  (18468, 18404)	1
  (18468, 18467)	1
  (18468, 18469)	1
  (18469, 3)	1
  (18469, 18405)	1
  (18469, 18468)	1
  (18469, 18470)	1
  (18470, 3)	1
  (18470, 18406)	1
  (18470, 18469)	1
  (18470, 18471)	1
  (18471, 385)	1
  (18471, 18407)	1
  (18471, 18470)	1
  (0, 1)	1
  (0, 2)	1
  (0, 3)	1
  (1, 0)	1
  (1, 3)	1
  (1, 4)	1
  (1, 386)	1
  (2, 0)	1
  (2, 3)	1
  (2, 4)	1
  (2, 5)	1
  (3, 0)	1
  (3, 1)	1
  (3, 2)	1
  (3, 5)	1
  (3, 7)	1
  (3, 9)	1
  (3, 11)	1
  (3, 13)	1
  (3, 15)	1
  (3, 17)	1
  (3, 19)	1
  (3, 21)	1
  (3, 23)	1
  (3, 25)	1
  :	:
  (19439, 19438)	1
  (19439, 19440)	1
  (19440, 3)	1
  (19440, 19376)	1
  (19440, 19439)	1
  (19440, 19441)	1
  (19441, 3)	1
  (19441, 19377)	1
  (19441, 19440)	1
  (19441, 19442)	1
  (19442, 3)	1
  (19442, 19378)	1
  (19442, 19441)	1
  (19442, 19443)	1
  (19443, 3)	1
  (19443, 19379)	1
  (19443, 19442)	1
  (19443, 19444)	1
  (19444, 3)	1
  (19444, 19380)	1
  (19444, 19443)	1
  (19444, 19445)	1
  (19445, 385)	1
  (19445, 19381)	1
  (19445, 19444)	1
  (0, 1)	1
  (0, 2)	1
  (0, 3)	1
  (1, 0)	1
  (1, 3)	1
  (1, 4)	1
  (1, 386)	1
  (2, 0)	1
  (2, 3)	1
  (2, 4)	1
  (2, 5)	1
  (3, 0)	1
  (3, 1)	1
  (3, 2)	1
  (3, 5)	1
  (3, 7)	1
  (3, 9)	1
  (3, 11)	1
  (3, 13)	1
  (3, 15)	1
  (3, 17)	1
  (3, 19)	1
  (3, 21)	1
  (3, 23)	1
  (3, 25)	1
  :	:
  (20862, 20861)	1
  (20862, 20863)	1
  (20863, 3)	1
  (20863, 20799)	1
  (20863, 20862)	1
  (20863, 20864)	1
  (20864, 3)	1
  (20864, 20800)	1
  (20864, 20863)	1
  (20864, 20865)	1
  (20865, 3)	1
  (20865, 20801)	1
  (20865, 20864)	1
  (20865, 20866)	1
  (20866, 3)	1
  (20866, 20802)	1
  (20866, 20865)	1
  (20866, 20867)	1
  (20867, 3)	1
  (20867, 20803)	1
  (20867, 20866)	1
  (20867, 20868)	1
  (20868, 385)	1
  (20868, 20804)	1
  (20868, 20867)	1
  (0, 1)	1
  (0, 2)	1
  (0, 3)	1
  (1, 0)	1
  (1, 3)	1
  (1, 4)	1
  (1, 386)	1
  (2, 0)	1
  (2, 3)	1
  (2, 4)	1
  (2, 5)	1
  (3, 0)	1
  (3, 1)	1
  (3, 2)	1
  (3, 5)	1
  (3, 7)	1
  (3, 9)	1
  (3, 11)	1
  (3, 13)	1
  (3, 15)	1
  (3, 17)	1
  (3, 19)	1
  (3, 21)	1
  (3, 23)	1
  (3, 25)	1
  :	:
  (16853, 16852)	1
  (16853, 16854)	1
  (16854, 3)	1
  (16854, 16789)	1
  (16854, 16853)	1
  (16854, 16855)	1
  (16855, 3)	1
  (16855, 16790)	1
  (16855, 16854)	1
  (16855, 16856)	1
  (16856, 3)	1
  (16856, 16791)	1
  (16856, 16855)	1
  (16856, 16857)	1
  (16857, 3)	1
  (16857, 16792)	1
  (16857, 16856)	1
  (16857, 16858)	1
  (16858, 3)	1
  (16858, 16793)	1
  (16858, 16857)	1
  (16858, 16859)	1
  (16859, 385)	1
  (16859, 16794)	1
  (16859, 16858)	1
  (0, 1)	1
  (0, 2)	1
  (0, 3)	1
  (1, 0)	1
  (1, 3)	1
  (1, 4)	1
  (1, 386)	1
  (2, 0)	1
  (2, 3)	1
  (2, 4)	1
  (2, 5)	1
  (3, 0)	1
  (3, 1)	1
  (3, 2)	1
  (3, 5)	1
  (3, 7)	1
  (3, 9)	1
  (3, 11)	1
  (3, 13)	1
  (3, 15)	1
  (3, 17)	1
  (3, 19)	1
  (3, 21)	1
  (3, 23)	1
  (3, 25)	1
  :	:
  (17025, 17024)	1
  (17025, 17026)	1
  (17026, 3)	1
  (17026, 16959)	1
  (17026, 17025)	1
  (17026, 17027)	1
  (17027, 3)	1
  (17027, 16960)	1
  (17027, 17026)	1
  (17027, 17028)	1
  (17028, 3)	1
  (17028, 16961)	1
  (17028, 17027)	1
  (17028, 17029)	1
  (17029, 3)	1
  (17029, 16962)	1
  (17029, 17028)	1
  (17029, 17030)	1
  (17030, 3)	1
  (17030, 16963)	1
  (17030, 17029)	1
  (17030, 17031)	1
  (17031, 385)	1
  (17031, 16964)	1
  (17031, 17030)	1
  (0, 1)	1
  (0, 2)	1
  (0, 3)	1
  (1, 0)	1
  (1, 3)	1
  (1, 4)	1
  (1, 386)	1
  (2, 0)	1
  (2, 3)	1
  (2, 4)	1
  (2, 5)	1
  (3, 0)	1
  (3, 1)	1
  (3, 2)	1
  (3, 5)	1
  (3, 7)	1
  (3, 9)	1
  (3, 11)	1
  (3, 13)	1
  (3, 15)	1
  (3, 17)	1
  (3, 19)	1
  (3, 21)	1
  (3, 23)	1
  (3, 25)	1
  :	:
  (21516, 21515)	1
  (21516, 21517)	1
  (21517, 3)	1
  (21517, 21453)	1
  (21517, 21516)	1
  (21517, 21518)	1
  (21518, 3)	1
  (21518, 21454)	1
  (21518, 21517)	1
  (21518, 21519)	1
  (21519, 3)	1
  (21519, 21455)	1
  (21519, 21518)	1
  (21519, 21520)	1
  (21520, 3)	1
  (21520, 21456)	1
  (21520, 21519)	1
  (21520, 21521)	1
  (21521, 3)	1
  (21521, 21457)	1
  (21521, 21520)	1
  (21521, 21522)	1
  (21522, 385)	1
  (21522, 21458)	1
  (21522, 21521)	1
  (0, 1)	1
  (0, 2)	1
  (0, 3)	1
  (1, 0)	1
  (1, 3)	1
  (1, 4)	1
  (1, 386)	1
  (2, 0)	1
  (2, 3)	1
  (2, 4)	1
  (2, 5)	1
  (3, 0)	1
  (3, 1)	1
  (3, 2)	1
  (3, 5)	1
  (3, 7)	1
  (3, 9)	1
  (3, 11)	1
  (3, 13)	1
  (3, 15)	1
  (3, 17)	1
  (3, 19)	1
  (3, 21)	1
  (3, 23)	1
  (3, 25)	1
  :	:
  (19442, 19441)	1
  (19442, 19443)	1
  (19443, 385)	1
  (19443, 19379)	1
  (19443, 19442)	1
  (19443, 19444)	1
  (19444, 385)	1
  (19444, 19380)	1
  (19444, 19443)	1
  (19444, 19445)	1
  (19445, 385)	1
  (19445, 19381)	1
  (19445, 19444)	1
  (19445, 19446)	1
  (19446, 385)	1
  (19446, 19382)	1
  (19446, 19445)	1
  (19446, 19447)	1
  (19447, 385)	1
  (19447, 19383)	1
  (19447, 19446)	1
  (19447, 19448)	1
  (19448, 385)	1
  (19448, 19384)	1
  (19448, 19447)	1
  (0, 1)	1
  (0, 2)	1
  (0, 3)	1
  (1, 0)	1
  (1, 3)	1
  (1, 4)	1
  (1, 130)	1
  (2, 0)	1
  (2, 4)	1
  (2, 5)	1
  (3, 0)	1
  (3, 1)	1
  (3, 130)	1
  (3, 194)	1
  (3, 258)	1
  (3, 322)	1
  (3, 386)	1
  (3, 450)	1
  (3, 514)	1
  (3, 578)	1
  (3, 642)	1
  (3, 706)	1
  (3, 770)	1
  (3, 834)	1
  (3, 898)	1
  :	:
  (9467, 9466)	1
  (9467, 9468)	1
  (9468, 3)	1
  (9468, 9404)	1
  (9468, 9467)	1
  (9468, 9469)	1
  (9469, 3)	1
  (9469, 9405)	1
  (9469, 9468)	1
  (9469, 9470)	1
  (9470, 3)	1
  (9470, 9406)	1
  (9470, 9469)	1
  (9470, 9471)	1
  (9471, 3)	1
  (9471, 9407)	1
  (9471, 9470)	1
  (9471, 9472)	1
  (9472, 3)	1
  (9472, 9408)	1
  (9472, 9471)	1
  (9472, 9473)	1
  (9473, 129)	1
  (9473, 9409)	1
  (9473, 9472)	1
  (0, 1)	1
  (0, 2)	1
  (0, 3)	1
  (1, 0)	1
  (1, 3)	1
  (1, 4)	1
  (1, 386)	1
  (2, 0)	1
  (2, 3)	1
  (2, 4)	1
  (2, 5)	1
  (3, 0)	1
  (3, 1)	1
  (3, 2)	1
  (3, 5)	1
  (3, 7)	1
  (3, 9)	1
  (3, 11)	1
  (3, 13)	1
  (3, 15)	1
  (3, 17)	1
  (3, 19)	1
  (3, 21)	1
  (3, 23)	1
  (3, 25)	1
  :	:
  (18589, 18588)	1
  (18589, 18590)	1
  (18590, 3)	1
  (18590, 18526)	1
  (18590, 18589)	1
  (18590, 18591)	1
  (18591, 3)	1
  (18591, 18527)	1
  (18591, 18590)	1
  (18591, 18592)	1
  (18592, 3)	1
  (18592, 18528)	1
  (18592, 18591)	1
  (18592, 18593)	1
  (18593, 3)	1
  (18593, 18529)	1
  (18593, 18592)	1
  (18593, 18594)	1
  (18594, 3)	1
  (18594, 18530)	1
  (18594, 18593)	1
  (18594, 18595)	1
  (18595, 385)	1
  (18595, 18531)	1
  (18595, 18594)	1
  (0, 1)	1
  (0, 2)	1
  (0, 3)	1
  (1, 0)	1
  (1, 3)	1
  (1, 4)	1
  (1, 386)	1
  (2, 0)	1
  (2, 3)	1
  (2, 4)	1
  (2, 5)	1
  (3, 0)	1
  (3, 1)	1
  (3, 2)	1
  (3, 5)	1
  (3, 7)	1
  (3, 9)	1
  (3, 11)	1
  (3, 13)	1
  (3, 15)	1
  (3, 17)	1
  (3, 19)	1
  (3, 21)	1
  (3, 23)	1
  (3, 25)	1
  :	:
  (20550, 20549)	1
  (20550, 20551)	1
  (20551, 3)	1
  (20551, 20487)	1
  (20551, 20550)	1
  (20551, 20552)	1
  (20552, 3)	1
  (20552, 20488)	1
  (20552, 20551)	1
  (20552, 20553)	1
  (20553, 3)	1
  (20553, 20489)	1
  (20553, 20552)	1
  (20553, 20554)	1
  (20554, 3)	1
  (20554, 20490)	1
  (20554, 20553)	1
  (20554, 20555)	1
  (20555, 3)	1
  (20555, 20491)	1
  (20555, 20554)	1
  (20555, 20556)	1
  (20556, 385)	1
  (20556, 20492)	1
  (20556, 20555)	1
  (0, 1)	1
  (0, 2)	1
  (0, 3)	1
  (1, 0)	1
  (1, 3)	1
  (1, 4)	1
  (1, 386)	1
  (2, 0)	1
  (2, 3)	1
  (2, 4)	1
  (2, 5)	1
  (3, 0)	1
  (3, 1)	1
  (3, 2)	1
  (3, 5)	1
  (3, 7)	1
  (3, 9)	1
  (3, 11)	1
  (3, 13)	1
  (3, 15)	1
  (3, 17)	1
  (3, 19)	1
  (3, 21)	1
  (3, 23)	1
  (3, 25)	1
  :	:
  (18902, 18901)	1
  (18902, 18903)	1
  (18903, 3)	1
  (18903, 18839)	1
  (18903, 18902)	1
  (18903, 18904)	1
  (18904, 3)	1
  (18904, 18840)	1
  (18904, 18903)	1
  (18904, 18905)	1
  (18905, 3)	1
  (18905, 18841)	1
  (18905, 18904)	1
  (18905, 18906)	1
  (18906, 3)	1
  (18906, 18842)	1
  (18906, 18905)	1
  (18906, 18907)	1
  (18907, 3)	1
  (18907, 18843)	1
  (18907, 18906)	1
  (18907, 18908)	1
  (18908, 385)	1
  (18908, 18844)	1
  (18908, 18907)	1
  (0, 1)	1
  (0, 2)	1
  (0, 3)	1
  (1, 0)	1
  (1, 3)	1
  (1, 4)	1
  (1, 386)	1
  (2, 0)	1
  (2, 3)	1
  (2, 4)	1
  (2, 5)	1
  (3, 0)	1
  (3, 1)	1
  (3, 2)	1
  (3, 5)	1
  (3, 7)	1
  (3, 9)	1
  (3, 11)	1
  (3, 13)	1
  (3, 15)	1
  (3, 17)	1
  (3, 19)	1
  (3, 21)	1
  (3, 23)	1
  (3, 25)	1
  :	:
  (16281, 16280)	1
  (16281, 16282)	1
  (16282, 3)	1
  (16282, 16218)	1
  (16282, 16281)	1
  (16282, 16283)	1
  (16283, 3)	1
  (16283, 16219)	1
  (16283, 16282)	1
  (16283, 16284)	1
  (16284, 3)	1
  (16284, 16220)	1
  (16284, 16283)	1
  (16284, 16285)	1
  (16285, 3)	1
  (16285, 16221)	1
  (16285, 16284)	1
  (16285, 16286)	1
  (16286, 3)	1
  (16286, 16222)	1
  (16286, 16285)	1
  (16286, 16287)	1
  (16287, 385)	1
  (16287, 16223)	1
  (16287, 16286)	1
  (0, 1)	1
  (0, 2)	1
  (0, 3)	1
  (1, 0)	1
  (1, 3)	1
  (1, 4)	1
  (1, 386)	1
  (2, 0)	1
  (2, 3)	1
  (2, 4)	1
  (2, 5)	1
  (3, 0)	1
  (3, 1)	1
  (3, 2)	1
  (3, 5)	1
  (3, 7)	1
  (3, 9)	1
  (3, 11)	1
  (3, 13)	1
  (3, 15)	1
  (3, 17)	1
  (3, 19)	1
  (3, 21)	1
  (3, 23)	1
  (3, 25)	1
  :	:
  (15799, 15798)	1
  (15799, 15800)	1
  (15800, 3)	1
  (15800, 15734)	1
  (15800, 15799)	1
  (15800, 15801)	1
  (15801, 3)	1
  (15801, 15735)	1
  (15801, 15800)	1
  (15801, 15802)	1
  (15802, 3)	1
  (15802, 15736)	1
  (15802, 15801)	1
  (15802, 15803)	1
  (15803, 3)	1
  (15803, 15737)	1
  (15803, 15802)	1
  (15803, 15804)	1
  (15804, 3)	1
  (15804, 15738)	1
  (15804, 15803)	1
  (15804, 15805)	1
  (15805, 385)	1
  (15805, 15739)	1
  (15805, 15804)	1
  (0, 1)	1
  (0, 2)	1
  (0, 3)	1
  (1, 0)	1
  (1, 3)	1
  (1, 4)	1
  (1, 386)	1
  (2, 0)	1
  (2, 3)	1
  (2, 4)	1
  (2, 5)	1
  (3, 0)	1
  (3, 1)	1
  (3, 2)	1
  (3, 5)	1
  (3, 7)	1
  (3, 9)	1
  (3, 11)	1
  (3, 13)	1
  (3, 15)	1
  (3, 17)	1
  (3, 19)	1
  (3, 21)	1
  (3, 23)	1
  (3, 25)	1
  :	:
  (21710, 21709)	1
  (21710, 21711)	1
  (21711, 3)	1
  (21711, 21647)	1
  (21711, 21710)	1
  (21711, 21712)	1
  (21712, 3)	1
  (21712, 21648)	1
  (21712, 21711)	1
  (21712, 21713)	1
  (21713, 3)	1
  (21713, 21649)	1
  (21713, 21712)	1
  (21713, 21714)	1
  (21714, 3)	1
  (21714, 21650)	1
  (21714, 21713)	1
  (21714, 21715)	1
  (21715, 3)	1
  (21715, 21651)	1
  (21715, 21714)	1
  (21715, 21716)	1
  (21716, 385)	1
  (21716, 21652)	1
  (21716, 21715)	1
  (0, 1)	1
  (0, 2)	1
  (0, 3)	1
  (1, 0)	1
  (1, 3)	1
  (1, 4)	1
  (1, 386)	1
  (2, 0)	1
  (2, 3)	1
  (2, 4)	1
  (2, 5)	1
  (3, 0)	1
  (3, 1)	1
  (3, 2)	1
  (3, 5)	1
  (3, 7)	1
  (3, 9)	1
  (3, 11)	1
  (3, 13)	1
  (3, 15)	1
  (3, 17)	1
  (3, 19)	1
  (3, 21)	1
  (3, 23)	1
  (3, 25)	1
  :	:
  (21702, 21701)	1
  (21702, 21703)	1
  (21703, 385)	1
  (21703, 21639)	1
  (21703, 21702)	1
  (21703, 21704)	1
  (21704, 385)	1
  (21704, 21640)	1
  (21704, 21703)	1
  (21704, 21705)	1
  (21705, 385)	1
  (21705, 21641)	1
  (21705, 21704)	1
  (21705, 21706)	1
  (21706, 385)	1
  (21706, 21642)	1
  (21706, 21705)	1
  (21706, 21707)	1
  (21707, 385)	1
  (21707, 21643)	1
  (21707, 21706)	1
  (21707, 21708)	1
  (21708, 385)	1
  (21708, 21644)	1
  (21708, 21707)	1
  (0, 1)	1
  (0, 2)	1
  (0, 3)	1
  (1, 0)	1
  (1, 3)	1
  (1, 4)	1
  (1, 385)	1
  (2, 0)	1
  (2, 3)	1
  (2, 4)	1
  (2, 5)	1
  (3, 0)	1
  (3, 1)	1
  (3, 2)	1
  (3, 5)	1
  (3, 7)	1
  (3, 9)	1
  (3, 11)	1
  (3, 13)	1
  (3, 15)	1
  (3, 17)	1
  (3, 19)	1
  (3, 21)	1
  (3, 23)	1
  (3, 25)	1
  :	:
  (28744, 28743)	1
  (28744, 28745)	1
  (28745, 3)	1
  (28745, 28552)	1
  (28745, 28744)	1
  (28745, 28746)	1
  (28746, 3)	1
  (28746, 28553)	1
  (28746, 28745)	1
  (28746, 28747)	1
  (28747, 3)	1
  (28747, 28554)	1
  (28747, 28746)	1
  (28747, 28748)	1
  (28748, 3)	1
  (28748, 28555)	1
  (28748, 28747)	1
  (28748, 28749)	1
  (28749, 3)	1
  (28749, 28556)	1
  (28749, 28748)	1
  (28749, 28750)	1
  (28750, 3)	1
  (28750, 28557)	1
  (28750, 28749)	1
  (0, 1)	1
  (0, 2)	1
  (0, 3)	1
  (1, 0)	1
  (1, 3)	1
  (1, 4)	1
  (1, 176)	1
  (2, 0)	1
  (2, 3)	1
  (2, 4)	1
  (2, 5)	1
  (3, 0)	1
  (3, 1)	1
  (3, 2)	1
  (3, 5)	1
  (3, 7)	1
  (3, 9)	1
  (3, 11)	1
  (3, 13)	1
  (3, 15)	1
  (3, 17)	1
  (3, 19)	1
  (3, 21)	1
  (3, 23)	1
  (3, 25)	1
  :	:
  (12896, 12895)	1
  (12896, 12897)	1
  (12897, 3)	1
  (12897, 12810)	1
  (12897, 12896)	1
  (12897, 12898)	1
  (12898, 3)	1
  (12898, 12811)	1
  (12898, 12897)	1
  (12898, 12899)	1
  (12899, 3)	1
  (12899, 12812)	1
  (12899, 12898)	1
  (12899, 12900)	1
  (12900, 3)	1
  (12900, 12813)	1
  (12900, 12899)	1
  (12900, 12901)	1
  (12901, 3)	1
  (12901, 12814)	1
  (12901, 12900)	1
  (12901, 12902)	1
  (12902, 175)	1
  (12902, 12815)	1
  (12902, 12901)	1
  (0, 1)	1
  (0, 2)	1
  (0, 3)	1
  (1, 0)	1
  (1, 3)	1
  (1, 4)	1
  (1, 384)	1
  (2, 0)	1
  (2, 3)	1
  (2, 4)	1
  (2, 5)	1
  (3, 0)	1
  (3, 1)	1
  (3, 2)	1
  (3, 5)	1
  (3, 7)	1
  (3, 9)	1
  (3, 11)	1
  (3, 13)	1
  (3, 15)	1
  (3, 17)	1
  (3, 19)	1
  (3, 21)	1
  (3, 23)	1
  (3, 25)	1
  :	:
  (28719, 28718)	1
  (28719, 28720)	1
  (28720, 3)	1
  (28720, 28526)	1
  (28720, 28719)	1
  (28720, 28721)	1
  (28721, 3)	1
  (28721, 28527)	1
  (28721, 28720)	1
  (28721, 28722)	1
  (28722, 3)	1
  (28722, 28528)	1
  (28722, 28721)	1
  (28722, 28723)	1
  (28723, 3)	1
  (28723, 28529)	1
  (28723, 28722)	1
  (28723, 28724)	1
  (28724, 3)	1
  (28724, 28530)	1
  (28724, 28723)	1
  (28724, 28725)	1
  (28725, 3)	1
  (28725, 28531)	1
  (28725, 28724)	1
  (0, 1)	1
  (0, 2)	1
  (0, 3)	1
  (1, 0)	1
  (1, 3)	1
  (1, 4)	1
  (1, 326)	1
  (2, 0)	1
  (2, 3)	1
  (2, 4)	1
  (2, 5)	1
  (3, 0)	1
  (3, 1)	1
  (3, 2)	1
  (3, 5)	1
  (3, 7)	1
  (3, 9)	1
  (3, 11)	1
  (3, 13)	1
  (3, 15)	1
  (3, 17)	1
  (3, 19)	1
  (3, 21)	1
  (3, 23)	1
  (3, 25)	1
  :	:
  (23955, 23954)	1
  (23955, 23956)	1
  (23956, 3)	1
  (23956, 23794)	1
  (23956, 23955)	1
  (23956, 23957)	1
  (23957, 3)	1
  (23957, 23795)	1
  (23957, 23956)	1
  (23957, 23958)	1
  (23958, 3)	1
  (23958, 23796)	1
  (23958, 23957)	1
  (23958, 23959)	1
  (23959, 3)	1
  (23959, 23797)	1
  (23959, 23958)	1
  (23959, 23960)	1
  (23960, 3)	1
  (23960, 23798)	1
  (23960, 23959)	1
  (23960, 23961)	1
  (23961, 325)	1
  (23961, 23799)	1
  (23961, 23960)	1
  (0, 1)	1
  (0, 2)	1
  (0, 3)	1
  (1, 0)	1
  (1, 3)	1
  (1, 4)	1
  (1, 384)	1
  (2, 0)	1
  (2, 3)	1
  (2, 4)	1
  (2, 5)	1
  (3, 0)	1
  (3, 1)	1
  (3, 2)	1
  (3, 5)	1
  (3, 7)	1
  (3, 9)	1
  (3, 11)	1
  (3, 13)	1
  (3, 15)	1
  (3, 17)	1
  (3, 19)	1
  (3, 21)	1
  (3, 23)	1
  (3, 25)	1
  :	:
  (28546, 3)	1
  (28546, 28354)	1
  (28546, 28545)	1
  (28546, 28547)	1
  (28547, 3)	1
  (28547, 28355)	1
  (28547, 28546)	1
  (28547, 28549)	1
  (28548, 3)	1
  (28548, 28357)	1
  (28548, 28549)	1
  (28549, 3)	1
  (28549, 28547)	1
  (28549, 28548)	1
  (28549, 28550)	1
  (28550, 3)	1
  (28550, 28358)	1
  (28550, 28549)	1
  (28550, 28552)	1
  (28551, 383)	1
  (28551, 28358)	1
  (28551, 28552)	1
  (28552, 383)	1
  (28552, 28550)	1
  (28552, 28551)	1
